110101111000110100001101
111010010001101010000000
011010000110101011110101
100111000111110000001000
000011111101100110101111
101001101100010001101000
010100000010110111111100
110100101110010010011011
100111011000111100010110
110111010100010111101010
010101111100111000101001
100100101011000111001100
110000000001001010110010
100111101100100111100111
001100100110111001111011
000101111100100010111101
101010111101111011110010
000111110010001000001101
100011001011100110011101
111101100001000010000001
000001111011101101010100
000010100010110011010101
011100010110101011111000
110110010111001100011101
011010010110010010111001
010110010001010000101100
000000000110101111001011
001111001110010101110100
010111101001100010001010
001000111001001110101000
111001101001101110010000
010101110011111011001001